# dimensionless total [l(l+1)/2pi] C_l's
# for l=2 to 2500, i.e. number of multipoles equal to 2499
#
# -> if you prefer output in CAMB/HealPix/LensPix units/order, set 'format' to 'camb' in input file
# -> if you don't want to see such a header, set 'headers' to 'no' in input file
#
# 1:l     2:TT                 
    2       1.423161202512e-10 
    3       1.340112835245e-10 
    4       1.263118347706e-10 
    5       1.205414396471e-10 
    6       1.165501790413e-10 
    7       1.139132576332e-10 
    8       1.123254650375e-10 
    9       1.115203256019e-10 
   10       1.112636484885e-10 
   11       1.114773899457e-10 
   12       1.120132575590e-10 
   13       1.128114257204e-10 
   14       1.138126089155e-10 
   15       1.150085335220e-10 
   16       1.163282954530e-10 
   17       1.177859567875e-10 
   18       1.193231762814e-10 
   19       1.209504877300e-10 
   20       1.226554451004e-10 
   21       1.244416140139e-10 
   22       1.262864220756e-10 
   23       1.281916911314e-10 
   24       1.301464945177e-10 
   25       1.321562932618e-10 
   26       1.342147832164e-10 
   27       1.363133264155e-10 
   28       1.384342981346e-10 
   29       1.405873135154e-10 
   30       1.427796531284e-10 
   31       1.450079962787e-10 
   32       1.472748544052e-10 
   33       1.495755732755e-10 
   34       1.518987420750e-10 
   35       1.542475426267e-10 
   36       1.566241488589e-10 
   37       1.590262300515e-10 
   38       1.614571763069e-10 
   39       1.639180877345e-10 
   40       1.664042732384e-10 
   41       1.689086295204e-10 
   42       1.714345360806e-10 
   43       1.739861531901e-10 
   44       1.765644904986e-10 
   45       1.791686212340e-10 
   46       1.818005214756e-10 
   47       1.844611262828e-10 
   48       1.871486875512e-10 
   49       1.898585384810e-10 
   50       1.925854762903e-10 
   51       1.953322192564e-10 
   52       1.981028381116e-10 
   53       2.009002287767e-10 
   54       2.037260000407e-10 
   55       2.065809192098e-10 
   56       2.094666360142e-10 
   57       2.123841902183e-10 
   58       2.153334025639e-10 
   59       2.183127841877e-10 
   60       2.213194460411e-10 
   61       2.243503978009e-10 
   62       2.274069902228e-10 
   63       2.304913137219e-10 
   64       2.336048512964e-10 
   65       2.367484320337e-10 
   66       2.399221846168e-10 
   67       2.431254908306e-10 
   68       2.463575893133e-10 
   69       2.496196327971e-10 
   70       2.529129661105e-10 
   71       2.562384834879e-10 
   72       2.595965987067e-10 
   73       2.629872152235e-10 
   74       2.664096963106e-10 
   75       2.698628351931e-10 
   76       2.733454442254e-10 
   77       2.768583124737e-10 
   78       2.804025525106e-10 
   79       2.839789961524e-10 
   80       2.875881772890e-10 
   81       2.912303147149e-10 
   82       2.949052949592e-10 
   83       2.986126551167e-10 
   84       3.023518732915e-10 
   85       3.061233328605e-10 
   86       3.099274873284e-10 
   87       3.137645551046e-10 
   88       3.176345075033e-10 
   89       3.215370567446e-10 
   90       3.254716439545e-10 
   91       3.294374271658e-10 
   92       3.334332693182e-10 
   93       3.374580830612e-10 
   94       3.415119505455e-10 
   95       3.455951506458e-10 
   96       3.497078101589e-10 
   97       3.538498967017e-10 
   98       3.580212116092e-10 
   99       3.622213828333e-10 
  100       3.664498578409e-10 
  101       3.707058965119e-10 
  102       3.749885640377e-10 
  103       3.792967238195e-10 
  104       3.836292762060e-10 
  105       3.879859267310e-10 
  106       3.923665088971e-10 
  107       3.967707432564e-10 
  108       4.011982330098e-10 
  109       4.056484596072e-10 
  110       4.101207783471e-10 
  111       4.146144139766e-10 
  112       4.191284562910e-10 
  113       4.236618557337e-10 
  114       4.282134189961e-10 
  115       4.327818046171e-10 
  116       4.373657094717e-10 
  117       4.419644633661e-10 
  118       4.465774988077e-10 
  119       4.512041639020e-10 
  120       4.558437196402e-10 
  121       4.604953371870e-10 
  122       4.651580951677e-10 
  123       4.698309769565e-10 
  124       4.745128679634e-10 
  125       4.792025529222e-10 
  126       4.838987131779e-10 
  127       4.885999239743e-10 
  128       4.933046517416e-10 
  129       4.980114097030e-10 
  130       5.027192497545e-10 
  131       5.074273196701e-10 
  132       5.121347080557e-10 
  133       5.168404427702e-10 
  134       5.215434893449e-10 
  135       5.262427494051e-10 
  136       5.309370590896e-10 
  137       5.356251874719e-10 
  138       5.403058349800e-10 
  139       5.449776318174e-10 
  140       5.496391363833e-10 
  141       5.542888336931e-10 
  142       5.589251337986e-10 
  143       5.635463702092e-10 
  144       5.681509338073e-10 
  145       5.727376928125e-10 
  146       5.773056114105e-10 
  147       5.818536171816e-10 
  148       5.863806002998e-10 
  149       5.908854127316e-10 
  150       5.953668674356e-10 
  151       5.998237375616e-10 
  152       6.042547556495e-10 
  153       6.086586128288e-10 
  154       6.130339580174e-10 
  155       6.173793971212e-10 
  156       6.216934922329e-10 
  157       6.259747608316e-10 
  158       6.302216749812e-10 
  159       6.344326605306e-10 
  160       6.386060963119e-10 
  161       6.427404240162e-10 
  162       6.468344904192e-10 
  163       6.508872340298e-10 
  164       6.548975768465e-10 
  165       6.588644240661e-10 
  166       6.627866637918e-10 
  167       6.666631667417e-10 
  168       6.704927859571e-10 
  169       6.742743565109e-10 
  170       6.780066952163e-10 
  171       6.816886003345e-10 
  172       6.853188512835e-10 
  173       6.888962083466e-10 
  174       6.924194123806e-10 
  175       6.958871845239e-10 
  176       6.992982259055e-10 
  177       7.026512173527e-10 
  178       7.059448191000e-10 
  179       7.091776704973e-10 
  180       7.123484795149e-10 
  181       7.154562998251e-10 
  182       7.185002752366e-10 
  183       7.214795519158e-10 
  184       7.243932784262e-10 
  185       7.272406057670e-10 
  186       7.300206874128e-10 
  187       7.327326793522e-10 
  188       7.353757401272e-10 
  189       7.379490308723e-10 
  190       7.404517153536e-10 
  191       7.428829600079e-10 
  192       7.452419339816e-10 
  193       7.475278091704e-10 
  194       7.497397602577e-10 
  195       7.518769647544e-10 
  196       7.539386030374e-10 
  197       7.559238583891e-10 
  198       7.578319170366e-10 
  199       7.596619681904e-10 
  200       7.614132040838e-10 
  201       7.630848776742e-10 
  202       7.646764802582e-10 
  203       7.661875766337e-10 
  204       7.676177487865e-10 
  205       7.689665960998e-10 
  206       7.702337355639e-10 
  207       7.714188019855e-10 
  208       7.725214481972e-10 
  209       7.735413452673e-10 
  210       7.744781827092e-10 
  211       7.753316686910e-10 
  212       7.761015302448e-10 
  213       7.767875134765e-10 
  214       7.773893837755e-10 
  215       7.779069260236e-10 
  216       7.783399448053e-10 
  217       7.786882646168e-10 
  218       7.789517300757e-10 
  219       7.791302061307e-10 
  220       7.792235782709e-10 
  221       7.792317527355e-10 
  222       7.791546567233e-10 
  223       7.789922386020e-10 
  224       7.787444887045e-10 
  225       7.784115027669e-10 
  226       7.779934229750e-10 
  227       7.774904180017e-10 
  228       7.769026832661e-10 
  229       7.762304411911e-10 
  230       7.754739414629e-10 
  231       7.746334612889e-10 
  232       7.737093056567e-10 
  233       7.727018075923e-10 
  234       7.716113284188e-10 
  235       7.704382580151e-10 
  236       7.691830150742e-10 
  237       7.678460473619e-10 
  238       7.664278319754e-10 
  239       7.649288756015e-10 
  240       7.633497147759e-10 
  241       7.616909161408e-10 
  242       7.599530767043e-10 
  243       7.581368240984e-10 
  244       7.562428168379e-10 
  245       7.542717445787e-10 
  246       7.522243283764e-10 
  247       7.501013209451e-10 
  248       7.479035069157e-10 
  249       7.456317030943e-10 
  250       7.432867308336e-10 
  251       7.408693308434e-10 
  252       7.383802439644e-10 
  253       7.358202388181e-10 
  254       7.331901120117e-10 
  255       7.304906883433e-10 
  256       7.277228210074e-10 
  257       7.248873917998e-10 
  258       7.219853113230e-10 
  259       7.190175191913e-10 
  260       7.159849842364e-10 
  261       7.128887047119e-10 
  262       7.097297084994e-10 
  263       7.065090533129e-10 
  264       7.032278269046e-10 
  265       6.998871472699e-10 
  266       6.964881628527e-10 
  267       6.930320527504e-10 
  268       6.895200269196e-10 
  269       6.859533263806e-10 
  270       6.823332234234e-10 
  271       6.786610218124e-10 
  272       6.749380569919e-10 
  273       6.711656962910e-10 
  274       6.673453391293e-10 
  275       6.634784172217e-10 
  276       6.595663947839e-10 
  277       6.556107687373e-10 
  278       6.516130689145e-10 
  279       6.475747774539e-10 
  280       6.434970819374e-10 
  281       6.393811098628e-10 
  282       6.352280083833e-10 
  283       6.310389443883e-10 
  284       6.268151045848e-10 
  285       6.225576955782e-10 
  286       6.182679439539e-10 
  287       6.139470963577e-10 
  288       6.095964195773e-10 
  289       6.052172006235e-10 
  290       6.008107468109e-10 
  291       5.963783858395e-10 
  292       5.919214658751e-10 
  293       5.874413556311e-10 
  294       5.829394444491e-10 
  295       5.784171423802e-10 
  296       5.738758802663e-10 
  297       5.693171098205e-10 
  298       5.647423037090e-10 
  299       5.601529556316e-10 
  300       5.555505804032e-10 
  301       5.509367140345e-10 
  302       5.463129138135e-10 
  303       5.416807583864e-10 
  304       5.370418478383e-10 
  305       5.323978037751e-10 
  306       5.277502694041e-10 
  307       5.231009096148e-10 
  308       5.184514110607e-10 
  309       5.138034822399e-10 
  310       5.091588535762e-10 
  311       5.045192775006e-10 
  312       4.998864101321e-10 
  313       4.952614500886e-10 
  314       4.906454830756e-10 
  315       4.860395987108e-10 
  316       4.814448904598e-10 
  317       4.768624555716e-10 
  318       4.722933950143e-10 
  319       4.677388134106e-10 
  320       4.631998189735e-10 
  321       4.586775234418e-10 
  322       4.541730420157e-10 
  323       4.496874932926e-10 
  324       4.452219992025e-10 
  325       4.407776849435e-10 
  326       4.363556789178e-10 
  327       4.319571126667e-10 
  328       4.275831208069e-10 
  329       4.232348409656e-10 
  330       4.189134137163e-10 
  331       4.146199825141e-10 
  332       4.103556936319e-10 
  333       4.061216960955e-10 
  334       4.019191416192e-10 
  335       3.977491845419e-10 
  336       3.936129817621e-10 
  337       3.895116926736e-10 
  338       3.854464791017e-10 
  339       3.814185052379e-10 
  340       3.774289375763e-10 
  341       3.734789448485e-10 
  342       3.695696979599e-10 
  343       3.657023699247e-10 
  344       3.618781358019e-10 
  345       3.580981726307e-10 
  346       3.543636593661e-10 
  347       3.506757768145e-10 
  348       3.470357075696e-10 
  349       3.434445343352e-10 
  350       3.399029303659e-10 
  351       3.364114560422e-10 
  352       3.329706591588e-10 
  353       3.295810747609e-10 
  354       3.262432249793e-10 
  355       3.229576188666e-10 
  356       3.197247522330e-10 
  357       3.165451074817e-10 
  358       3.134191534451e-10 
  359       3.103473452203e-10 
  360       3.073301240052e-10 
  361       3.043679169338e-10 
  362       3.014611369123e-10 
  363       2.986101824549e-10 
  364       2.958154375193e-10 
  365       2.930772713430e-10 
  366       2.903960382783e-10 
  367       2.877720776288e-10 
  368       2.852057134849e-10 
  369       2.826972545593e-10 
  370       2.802469940234e-10 
  371       2.778552093425e-10 
  372       2.755221621118e-10 
  373       2.732480978923e-10 
  374       2.710332460462e-10 
  375       2.688778195732e-10 
  376       2.667820149459e-10 
  377       2.647460119455e-10 
  378       2.627699734981e-10 
  379       2.608540455098e-10 
  380       2.589983567030e-10 
  381       2.572030184519e-10 
  382       2.554681246184e-10 
  383       2.537937513878e-10 
  384       2.521799571047e-10 
  385       2.506267821085e-10 
  386       2.491342485695e-10 
  387       2.477023603246e-10 
  388       2.463310860566e-10 
  389       2.450203084752e-10 
  390       2.437698729129e-10 
  391       2.425796036325e-10 
  392       2.414493036503e-10 
  393       2.403787545579e-10 
  394       2.393677163452e-10 
  395       2.384159272227e-10 
  396       2.375231034442e-10 
  397       2.366889391291e-10 
  398       2.359131060853e-10 
  399       2.351952536314e-10 
  400       2.345350084194e-10 
  401       2.339319742570e-10 
  402       2.333857319305e-10 
  403       2.328958390273e-10 
  404       2.324618297579e-10 
  405       2.320832147790e-10 
  406       2.317594810161e-10 
  407       2.314900914854e-10 
  408       2.312744851169e-10 
  409       2.311120765767e-10 
  410       2.310022560898e-10 
  411       2.309443892620e-10 
  412       2.309378169034e-10 
  413       2.309818548498e-10 
  414       2.310757937863e-10 
  415       2.312188990691e-10 
  416       2.314104105484e-10 
  417       2.316495423908e-10 
  418       2.319354829018e-10 
  419       2.322673943485e-10 
  420       2.326444127818e-10 
  421       2.330656478596e-10 
  422       2.335301826683e-10 
  423       2.340370735465e-10 
  424       2.345853499066e-10 
  425       2.351740140577e-10 
  426       2.358020410284e-10 
  427       2.364684599989e-10 
  428       2.371726020123e-10 
  429       2.379138603425e-10 
  430       2.386916095216e-10 
  431       2.395052052161e-10 
  432       2.403539841031e-10 
  433       2.412372637466e-10 
  434       2.421543424733e-10 
  435       2.431044992488e-10 
  436       2.440869935540e-10 
  437       2.451010652607e-10 
  438       2.461459345082e-10 
  439       2.472208015793e-10 
  440       2.483248467762e-10 
  441       2.494572302968e-10 
  442       2.506170921108e-10 
  443       2.518035518359e-10 
  444       2.530157086138e-10 
  445       2.542526409863e-10 
  446       2.555134067715e-10 
  447       2.567970429399e-10 
  448       2.581025654906e-10 
  449       2.594289693272e-10 
  450       2.607752281341e-10 
  451       2.621402942526e-10 
  452       2.635230985570e-10 
  453       2.649225503307e-10 
  454       2.663375371424e-10 
  455       2.677669247219e-10 
  456       2.692095568369e-10 
  457       2.706642551683e-10 
  458       2.721298191869e-10 
  459       2.736050260294e-10 
  460       2.750886303743e-10 
  461       2.765793643182e-10 
  462       2.780759372520e-10 
  463       2.795770357369e-10 
  464       2.810813233804e-10 
  465       2.825874407126e-10 
  466       2.840941463580e-10 
  467       2.856007456488e-10 
  468       2.871066751401e-10 
  469       2.886113624771e-10 
  470       2.901142263493e-10 
  471       2.916146764442e-10 
  472       2.931121134018e-10 
  473       2.946059287681e-10 
  474       2.960955049496e-10 
  475       2.975802151671e-10 
  476       2.990594234099e-10 
  477       3.005324843895e-10 
  478       3.019987434940e-10 
  479       3.034575367419e-10 
  480       3.049081907362e-10 
  481       3.063500226186e-10 
  482       3.077823400232e-10 
  483       3.092044410307e-10 
  484       3.106156141226e-10 
  485       3.120151381349e-10 
  486       3.134022822124e-10 
  487       3.147763057627e-10 
  488       3.161364584099e-10 
  489       3.174819799493e-10 
  490       3.188121003007e-10 
  491       3.201260394628e-10 
  492       3.214230074675e-10 
  493       3.227022043332e-10 
  494       3.239628200197e-10 
  495       3.252040343814e-10 
  496       3.264250171219e-10 
  497       3.276249277480e-10 
  498       3.288029155234e-10 
  499       3.299581194229e-10 
  500       3.310896680867e-10 
  501       3.321966797739e-10 
  502       3.332782623170e-10 
  503       3.343335130757e-10 
  504       3.353615188910e-10 
  505       3.363614870980e-10 
  506       3.373331428089e-10 
  507       3.382763429847e-10 
  508       3.391909464272e-10 
  509       3.400768137942e-10 
  510       3.409338076156e-10 
  511       3.417617923084e-10 
  512       3.425606341929e-10 
  513       3.433302015076e-10 
  514       3.440703644254e-10 
  515       3.447809950688e-10 
  516       3.454619675257e-10 
  517       3.461131578648e-10 
  518       3.467344441511e-10 
  519       3.473257064619e-10 
  520       3.478868269020e-10 
  521       3.484176896192e-10 
  522       3.489181808205e-10 
  523       3.493881887868e-10 
  524       3.498276038891e-10 
  525       3.502363186041e-10 
  526       3.506142275292e-10 
  527       3.509612273988e-10 
  528       3.512772170994e-10 
  529       3.515620976853e-10 
  530       3.518157723942e-10 
  531       3.520381466629e-10 
  532       3.522291281426e-10 
  533       3.523886267147e-10 
  534       3.525165545064e-10 
  535       3.526128259062e-10 
  536       3.526773575792e-10 
  537       3.527100684834e-10 
  538       3.527108798844e-10 
  539       3.526797153717e-10 
  540       3.526165008739e-10 
  541       3.525211646744e-10 
  542       3.523936374269e-10 
  543       3.522338521711e-10 
  544       3.520418072841e-10 
  545       3.518177571554e-10 
  546       3.515620266450e-10 
  547       3.512749486499e-10 
  548       3.509568641454e-10 
  549       3.506081222258e-10 
  550       3.502290801457e-10 
  551       3.498201033613e-10 
  552       3.493815655706e-10 
  553       3.489138487556e-10 
  554       3.484173432222e-10 
  555       3.478924476422e-10 
  556       3.473395690938e-10 
  557       3.467591231029e-10 
  558       3.461515336839e-10 
  559       3.455172333811e-10 
  560       3.448566633096e-10 
  561       3.441702731960e-10 
  562       3.434585214202e-10 
  563       3.427218750557e-10 
  564       3.419608099112e-10 
  565       3.411758105713e-10 
  566       3.403673704377e-10 
  567       3.395359917704e-10 
  568       3.386821857283e-10 
  569       3.378064724108e-10 
  570       3.369093808985e-10 
  571       3.359914492943e-10 
  572       3.350532247647e-10 
  573       3.340952635803e-10 
  574       3.331181311575e-10 
  575       3.321224020992e-10 
  576       3.311086602359e-10 
  577       3.300774986667e-10 
  578       3.290295198004e-10 
  579       3.279653353968e-10 
  580       3.268855666072e-10 
  581       3.257908440161e-10 
  582       3.246818076815e-10 
  583       3.235590829125e-10 
  584       3.224232068500e-10 
  585       3.212747001329e-10 
  586       3.201140910282e-10 
  587       3.189419154640e-10 
  588       3.177587170617e-10 
  589       3.165650471686e-10 
  590       3.153614648904e-10 
  591       3.141485371238e-10 
  592       3.129268385889e-10 
  593       3.116969518616e-10 
  594       3.104594674063e-10 
  595       3.092149836083e-10 
  596       3.079641068062e-10 
  597       3.067074513247e-10 
  598       3.054456395068e-10 
  599       3.041793017464e-10 
  600       3.029090765208e-10 
  601       3.016356104234e-10 
  602       3.003595581957e-10 
  603       2.990815827604e-10 
  604       2.978023552535e-10 
  605       2.965225550568e-10 
  606       2.952428698306e-10 
  607       2.939639955463e-10 
  608       2.926866365185e-10 
  609       2.914115054376e-10 
  610       2.901393234029e-10 
  611       2.888708199540e-10 
  612       2.876067331044e-10 
  613       2.863478093733e-10 
  614       2.850948038184e-10 
  615       2.838484800682e-10 
  616       2.826096103547e-10 
  617       2.813789755459e-10 
  618       2.801573651781e-10 
  619       2.789455774885e-10 
  620       2.777444194478e-10 
  621       2.765547067927e-10 
  622       2.753771830155e-10 
  623       2.742122741837e-10 
  624       2.730603284417e-10 
  625       2.719216965402e-10 
  626       2.707967318443e-10 
  627       2.696857903403e-10 
  628       2.685892306437e-10 
  629       2.675074140061e-10 
  630       2.664407043228e-10 
  631       2.653894681403e-10 
  632       2.643540746636e-10 
  633       2.633348957637e-10 
  634       2.623323059847e-10 
  635       2.613466825515e-10 
  636       2.603784053774e-10 
  637       2.594278570708e-10 
  638       2.584954229434e-10 
  639       2.575814910170e-10 
  640       2.566864520314e-10 
  641       2.558106994511e-10 
  642       2.549546294737e-10 
  643       2.541186410364e-10 
  644       2.533031358238e-10 
  645       2.525085182754e-10 
  646       2.517351955927e-10 
  647       2.509835777469e-10 
  648       2.502540774862e-10 
  649       2.495471103431e-10 
  650       2.488630946417e-10 
  651       2.482024515057e-10 
  652       2.475656048651e-10 
  653       2.469529814638e-10 
  654       2.463650108675e-10 
  655       2.458021254704e-10 
  656       2.452647605028e-10 
  657       2.447533540389e-10 
  658       2.442683470038e-10 
  659       2.438101831809e-10 
  660       2.433793092196e-10 
  661       2.429760921512e-10 
  662       2.426005699255e-10 
  663       2.422526953882e-10 
  664       2.419324182580e-10 
  665       2.416396851121e-10 
  666       2.413744393709e-10 
  667       2.411366212823e-10 
  668       2.409261679070e-10 
  669       2.407430131029e-10 
  670       2.405870875103e-10 
  671       2.404583185364e-10 
  672       2.403566303399e-10 
  673       2.402819438163e-10 
  674       2.402341765821e-10 
  675       2.402132429602e-10 
  676       2.402190539642e-10 
  677       2.402515172832e-10 
  678       2.403105372669e-10 
  679       2.403960149102e-10 
  680       2.405078478379e-10 
  681       2.406459302896e-10 
  682       2.408101531045e-10 
  683       2.410004037059e-10 
  684       2.412165660866e-10 
  685       2.414585207930e-10 
  686       2.417261449102e-10 
  687       2.420193120468e-10 
  688       2.423378923197e-10 
  689       2.426817523387e-10 
  690       2.430507551915e-10 
  691       2.434447604284e-10 
  692       2.438636240469e-10 
  693       2.443071984768e-10 
  694       2.447753325648e-10 
  695       2.452678715593e-10 
  696       2.457846570951e-10 
  697       2.463255271785e-10 
  698       2.468903161716e-10 
  699       2.474788547775e-10 
  700       2.480909355829e-10 
  701       2.487262089296e-10 
  702       2.493842848440e-10 
  703       2.500647672588e-10 
  704       2.507672539897e-10 
  705       2.514913367114e-10 
  706       2.522366009341e-10 
  707       2.530026259799e-10 
  708       2.537889849592e-10 
  709       2.545952447470e-10 
  710       2.554209659590e-10 
  711       2.562657029285e-10 
  712       2.571290036824e-10 
  713       2.580104099176e-10 
  714       2.589094569773e-10 
  715       2.598256738276e-10 
  716       2.607585830335e-10 
  717       2.617077007357e-10 
  718       2.626725366266e-10 
  719       2.636525939268e-10 
  720       2.646473693613e-10 
  721       2.656563531363e-10 
  722       2.666790289151e-10 
  723       2.677148737944e-10 
  724       2.687633582813e-10 
  725       2.698239462689e-10 
  726       2.708960950132e-10 
  727       2.719792551090e-10 
  728       2.730728704669e-10 
  729       2.741763782889e-10 
  730       2.752892090454e-10 
  731       2.764107864510e-10 
  732       2.775405274415e-10 
  733       2.786778421496e-10 
  734       2.798221338817e-10 
  735       2.809727990943e-10 
  736       2.821292273698e-10 
  737       2.832908013936e-10 
  738       2.844568969298e-10 
  739       2.856269116469e-10 
  740       2.868003522644e-10 
  741       2.879767490794e-10 
  742       2.891556272558e-10 
  743       2.903365068075e-10 
  744       2.915189025808e-10 
  745       2.927023242371e-10 
  746       2.938862762359e-10 
  747       2.950702578171e-10 
  748       2.962537629838e-10 
  749       2.974362804850e-10 
  750       2.986172937985e-10 
  751       2.997962811132e-10 
  752       3.009727153122e-10 
  753       3.021460639551e-10 
  754       3.033157892611e-10 
  755       3.044813480912e-10 
  756       3.056421919314e-10 
  757       3.067977668749e-10 
  758       3.079475136053e-10 
  759       3.090908673789e-10 
  760       3.102272580074e-10 
  761       3.113561098409e-10 
  762       3.124768417502e-10 
  763       3.135888671100e-10 
  764       3.146915937809e-10 
  765       3.157844240926e-10 
  766       3.168667548266e-10 
  767       3.179379771986e-10 
  768       3.189974768413e-10 
  769       3.200446337871e-10 
  770       3.210788224510e-10 
  771       3.220994116129e-10 
  772       3.231057644007e-10 
  773       3.240972382724e-10 
  774       3.250731849996e-10 
  775       3.260329506495e-10 
  776       3.269758755680e-10 
  777       3.279012943620e-10 
  778       3.288086058849e-10 
  779       3.296974846655e-10 
  780       3.305676734097e-10 
  781       3.314189133536e-10 
  782       3.322509442601e-10 
  783       3.330635044155e-10 
  784       3.338563306263e-10 
  785       3.346291582151e-10 
  786       3.353817210179e-10 
  787       3.361137513802e-10 
  788       3.368249801536e-10 
  789       3.375151366924e-10 
  790       3.381839488504e-10 
  791       3.388311429768e-10 
  792       3.394564439135e-10 
  793       3.400595749912e-10 
  794       3.406402580260e-10 
  795       3.411982133161e-10 
  796       3.417331596381e-10 
  797       3.422448142439e-10 
  798       3.427328928569e-10 
  799       3.431971096688e-10 
  800       3.436371773360e-10 
  801       3.440528069764e-10 
  802       3.444437081654e-10 
  803       3.448095889331e-10 
  804       3.451501557604e-10 
  805       3.454651135758e-10 
  806       3.457541657518e-10 
  807       3.460170141016e-10 
  808       3.462533588753e-10 
  809       3.464628987571e-10 
  810       3.466453308611e-10 
  811       3.468003507284e-10 
  812       3.469276523234e-10 
  813       3.470269280304e-10 
  814       3.470978686502e-10 
  815       3.471401633965e-10 
  816       3.471534998927e-10 
  817       3.471376318551e-10 
  818       3.470925834759e-10 
  819       3.470184486844e-10 
  820       3.469153237992e-10 
  821       3.467833075371e-10 
  822       3.466225010219e-10 
  823       3.464330077929e-10 
  824       3.462149338136e-10 
  825       3.459683874808e-10 
  826       3.456934796326e-10 
  827       3.453903235579e-10 
  828       3.450590350045e-10 
  829       3.446997321879e-10 
  830       3.443125358004e-10 
  831       3.438975690193e-10 
  832       3.434549575160e-10 
  833       3.429848294643e-10 
  834       3.424873155496e-10 
  835       3.419625489770e-10 
  836       3.414106654808e-10 
  837       3.408318033323e-10 
  838       3.402261033491e-10 
  839       3.395937089038e-10 
  840       3.389347659323e-10 
  841       3.382494229430e-10 
  842       3.375378310251e-10 
  843       3.368001438575e-10 
  844       3.360365177175e-10 
  845       3.352471114894e-10 
  846       3.344320866734e-10 
  847       3.335916073941e-10 
  848       3.327258404092e-10 
  849       3.318349551185e-10 
  850       3.309191235721e-10 
  851       3.299785204798e-10 
  852       3.290133232189e-10 
  853       3.280237118438e-10 
  854       3.270098690942e-10 
  855       3.259719804037e-10 
  856       3.249102622676e-10 
  857       3.238250478566e-10 
  858       3.227167028799e-10 
  859       3.215855973724e-10 
  860       3.204321057081e-10 
  861       3.192566066130e-10 
  862       3.180594831789e-10 
  863       3.168411228766e-10 
  864       3.156019175693e-10 
  865       3.143422635256e-10 
  866       3.130625614334e-10 
  867       3.117632164128e-10 
  868       3.104446380296e-10 
  869       3.091072403087e-10 
  870       3.077514417475e-10 
  871       3.063776653288e-10 
  872       3.049863385347e-10 
  873       3.035778933597e-10 
  874       3.021527663240e-10 
  875       3.007113984870e-10 
  876       2.992542354603e-10 
  877       2.977817274215e-10 
  878       2.962943291272e-10 
  879       2.947924999267e-10 
  880       2.932767037747e-10 
  881       2.917474092454e-10 
  882       2.902050895454e-10 
  883       2.886502225270e-10 
  884       2.870832907019e-10 
  885       2.855047812541e-10 
  886       2.839151860536e-10 
  887       2.823150016695e-10 
  888       2.807047293837e-10 
  889       2.790848752037e-10 
  890       2.774559498764e-10 
  891       2.758184689012e-10 
  892       2.741729525433e-10 
  893       2.725199258475e-10 
  894       2.708599186509e-10 
  895       2.691934432843e-10 
  896       2.675209272493e-10 
  897       2.658427794694e-10 
  898       2.641594125127e-10 
  899       2.624712426020e-10 
  900       2.607786896247e-10 
  901       2.590821771428e-10 
  902       2.573821324033e-10 
  903       2.556789863476e-10 
  904       2.539731736217e-10 
  905       2.522651325865e-10 
  906       2.505553053276e-10 
  907       2.488441376650e-10 
  908       2.471320791637e-10 
  909       2.454195831433e-10 
  910       2.437071066881e-10 
  911       2.419951106570e-10 
  912       2.402840596938e-10 
  913       2.385744222368e-10 
  914       2.368666705293e-10 
  915       2.351612806289e-10 
  916       2.334587324184e-10 
  917       2.317595096150e-10 
  918       2.300640997807e-10 
  919       2.283729943323e-10 
  920       2.266866885513e-10 
  921       2.250056815939e-10 
  922       2.233304765011e-10 
  923       2.216615802087e-10 
  924       2.199995035572e-10 
  925       2.183447613017e-10 
  926       2.166978721223e-10 
  927       2.150593586337e-10 
  928       2.134297473956e-10 
  929       2.118095689221e-10 
  930       2.101993576924e-10 
  931       2.085996521603e-10 
  932       2.070109947646e-10 
  933       2.054339319385e-10 
  934       2.038689591976e-10 
  935       2.023163554406e-10 
  936       2.007763460776e-10 
  937       1.992491577202e-10 
  938       1.977350181842e-10 
  939       1.962341564921e-10 
  940       1.947468028751e-10 
  941       1.932731887762e-10 
  942       1.918135468522e-10 
  943       1.903681109763e-10 
  944       1.889371162405e-10 
  945       1.875207989583e-10 
  946       1.861193966667e-10 
  947       1.847331481291e-10 
  948       1.833622933376e-10 
  949       1.820070735153e-10 
  950       1.806677311189e-10 
  951       1.793445098414e-10 
  952       1.780376546139e-10 
  953       1.767474116089e-10 
  954       1.754740282419e-10 
  955       1.742177531745e-10 
  956       1.729788363167e-10 
  957       1.717575288291e-10 
  958       1.705540831257e-10 
  959       1.693687528761e-10 
  960       1.682017930081e-10 
  961       1.670534597101e-10 
  962       1.659240104336e-10 
  963       1.648137038957e-10 
  964       1.637228000812e-10 
  965       1.626515602456e-10 
  966       1.616002469174e-10 
  967       1.605691239001e-10 
  968       1.595584562752e-10 
  969       1.585685104046e-10 
  970       1.575995539328e-10 
  971       1.566518557894e-10 
  972       1.557256861916e-10 
  973       1.548212626013e-10 
  974       1.539385867007e-10 
  975       1.530776049743e-10 
  976       1.522382625282e-10 
  977       1.514205030861e-10 
  978       1.506242689843e-10 
  979       1.498495011677e-10 
  980       1.490961391856e-10 
  981       1.483641211868e-10 
  982       1.476533839156e-10 
  983       1.469638627073e-10 
  984       1.462954914836e-10 
  985       1.456482027487e-10 
  986       1.450219275846e-10 
  987       1.444165956466e-10 
  988       1.438321351590e-10 
  989       1.432684729111e-10 
  990       1.427255342522e-10 
  991       1.422032430876e-10 
  992       1.417015218741e-10 
  993       1.412202916156e-10 
  994       1.407594718588e-10 
  995       1.403189806886e-10 
  996       1.398987347241e-10 
  997       1.394986491139e-10 
  998       1.391186375316e-10 
  999       1.387586121719e-10 
 1000       1.384184837457e-10 
 1001       1.380981614760e-10 
 1002       1.377975530935e-10 
 1003       1.375165648321e-10 
 1004       1.372551014245e-10 
 1005       1.370130660981e-10 
 1006       1.367903605702e-10 
 1007       1.365868850439e-10 
 1008       1.364025382036e-10 
 1009       1.362372172106e-10 
 1010       1.360908176989e-10 
 1011       1.359632337705e-10 
 1012       1.358543335081e-10 
 1013       1.357638851344e-10 
 1014       1.356916297782e-10 
 1015       1.356373058537e-10 
 1016       1.356006490533e-10 
 1017       1.355813923399e-10 
 1018       1.355792659403e-10 
 1019       1.355939973375e-10 
 1020       1.356253112638e-10 
 1021       1.356729296931e-10 
 1022       1.357365718339e-10 
 1023       1.358159541221e-10 
 1024       1.359107902137e-10 
 1025       1.360207909776e-10 
 1026       1.361456644881e-10 
 1027       1.362851160178e-10 
 1028       1.364388480306e-10 
 1029       1.366065601740e-10 
 1030       1.367879492722e-10 
 1031       1.369827093186e-10 
 1032       1.371905314688e-10 
 1033       1.374111040330e-10 
 1034       1.376441124692e-10 
 1035       1.378892393755e-10 
 1036       1.381461644831e-10 
 1037       1.384145646490e-10 
 1038       1.386941138488e-10 
 1039       1.389844831694e-10 
 1040       1.392853408016e-10 
 1041       1.395963520331e-10 
 1042       1.399171792411e-10 
 1043       1.402474818851e-10 
 1044       1.405869164995e-10 
 1045       1.409351366868e-10 
 1046       1.412917931096e-10 
 1047       1.416565334841e-10 
 1048       1.420290025723e-10 
 1049       1.424088421751e-10 
 1050       1.427956911249e-10 
 1051       1.431891988871e-10 
 1052       1.435890665869e-10 
 1053       1.439950065382e-10 
 1054       1.444067286814e-10 
 1055       1.448239405769e-10 
 1056       1.452463473997e-10 
 1057       1.456736519337e-10 
 1058       1.461055545657e-10 
 1059       1.465417532797e-10 
 1060       1.469819436512e-10 
 1061       1.474258188414e-10 
 1062       1.478730695912e-10 
 1063       1.483233842158e-10 
 1064       1.487764485988e-10 
 1065       1.492319461861e-10 
 1066       1.496895579806e-10 
 1067       1.501489625361e-10 
 1068       1.506098359518e-10 
 1069       1.510718518662e-10 
 1070       1.515346814516e-10 
 1071       1.519979934080e-10 
 1072       1.524614539579e-10 
 1073       1.529247268398e-10 
 1074       1.533874733029e-10 
 1075       1.538493521014e-10 
 1076       1.543100194882e-10 
 1077       1.547691292098e-10 
 1078       1.552263324999e-10 
 1079       1.556812780741e-10 
 1080       1.561336121237e-10 
 1081       1.565829783105e-10 
 1082       1.570290177604e-10 
 1083       1.574713690580e-10 
 1084       1.579096682407e-10 
 1085       1.583435487930e-10 
 1086       1.587726416407e-10 
 1087       1.591965751449e-10 
 1088       1.596149750967e-10 
 1089       1.600274647110e-10 
 1090       1.604337031680e-10 
 1091       1.608335018143e-10 
 1092       1.612267095082e-10 
 1093       1.616131742116e-10 
 1094       1.619927429884e-10 
 1095       1.623652620024e-10 
 1096       1.627305765156e-10 
 1097       1.630885308862e-10 
 1098       1.634389685669e-10 
 1099       1.637817321025e-10 
 1100       1.641166631288e-10 
 1101       1.644436023700e-10 
 1102       1.647623896373e-10 
 1103       1.650728638266e-10 
 1104       1.653748629171e-10 
 1105       1.656682239690e-10 
 1106       1.659527831218e-10 
 1107       1.662283755923e-10 
 1108       1.664948356728e-10 
 1109       1.667519967294e-10 
 1110       1.669996911997e-10 
 1111       1.672377505912e-10 
 1112       1.674660054794e-10 
 1113       1.676842855059e-10 
 1114       1.678924193762e-10 
 1115       1.680902348585e-10 
 1116       1.682775587811e-10 
 1117       1.684542170309e-10 
 1118       1.686200345516e-10 
 1119       1.687748353413e-10 
 1120       1.689184424513e-10 
 1121       1.690506779837e-10 
 1122       1.691713630898e-10 
 1123       1.692803179679e-10 
 1124       1.693773618618e-10 
 1125       1.694623130587e-10 
 1126       1.695349888874e-10 
 1127       1.695952057163e-10 
 1128       1.696427789514e-10 
 1129       1.696775619167e-10 
 1130       1.696995630481e-10 
 1131       1.697088302121e-10 
 1132       1.697054119641e-10 
 1133       1.696893575494e-10 
 1134       1.696607169052e-10 
 1135       1.696195406627e-10 
 1136       1.695658801485e-10 
 1137       1.694997873865e-10 
 1138       1.694213150995e-10 
 1139       1.693305167113e-10 
 1140       1.692274463484e-10 
 1141       1.691121588415e-10 
 1142       1.689847097273e-10 
 1143       1.688451552508e-10 
 1144       1.686935523665e-10 
 1145       1.685299587402e-10 
 1146       1.683544327511e-10 
 1147       1.681670334935e-10 
 1148       1.679678207782e-10 
 1149       1.677568551347e-10 
 1150       1.675341978129e-10 
 1151       1.672999107846e-10 
 1152       1.670540567457e-10 
 1153       1.667966991174e-10 
 1154       1.665279020486e-10 
 1155       1.662477304172e-10 
 1156       1.659562498320e-10 
 1157       1.656535266348e-10 
 1158       1.653396279016e-10 
 1159       1.650146214448e-10 
 1160       1.646785758147e-10 
 1161       1.643315603016e-10 
 1162       1.639736449371e-10 
 1163       1.636049004965e-10 
 1164       1.632253984999e-10 
 1165       1.628352112143e-10 
 1166       1.624344116557e-10 
 1167       1.620230735901e-10 
 1168       1.616012898053e-10 
 1169       1.611692271701e-10 
 1170       1.607270722675e-10 
 1171       1.602750131910e-10 
 1172       1.598132395479e-10 
 1173       1.593419424630e-10 
 1174       1.588613145816e-10 
 1175       1.583715500732e-10 
 1176       1.578728446348e-10 
 1177       1.573653954939e-10 
 1178       1.568494014125e-10 
 1179       1.563250626901e-10 
 1180       1.557925811671e-10 
 1181       1.552521602283e-10 
 1182       1.547040048060e-10 
 1183       1.541483213839e-10 
 1184       1.535853179999e-10 
 1185       1.530152042498e-10 
 1186       1.524381912907e-10 
 1187       1.518544918442e-10 
 1188       1.512643201998e-10 
 1189       1.506678922185e-10 
 1190       1.500654253359e-10 
 1191       1.494571385658e-10 
 1192       1.488432525033e-10 
 1193       1.482239893285e-10 
 1194       1.475995728098e-10 
 1195       1.469702283069e-10 
 1196       1.463361827747e-10 
 1197       1.456976647665e-10 
 1198       1.450549044373e-10 
 1199       1.444081335471e-10 
 1200       1.437575854644e-10 
 1201       1.431034951697e-10 
 1202       1.424460992587e-10 
 1203       1.417856359456e-10 
 1204       1.411223450667e-10 
 1205       1.404564680838e-10 
 1206       1.397882480871e-10 
 1207       1.391179210563e-10 
 1208       1.384456895182e-10 
 1209       1.377717485766e-10 
 1210       1.370962946288e-10 
 1211       1.364195253684e-10 
 1212       1.357416397878e-10 
 1213       1.350628381809e-10 
 1214       1.343833221458e-10 
 1215       1.337032945876e-10 
 1216       1.330229597206e-10 
 1217       1.323425230715e-10 
 1218       1.316621914818e-10 
 1219       1.309821731104e-10 
 1220       1.303026774364e-10 
 1221       1.296239152616e-10 
 1222       1.289460987133e-10 
 1223       1.282694412469e-10 
 1224       1.275941576487e-10 
 1225       1.269204640381e-10 
 1226       1.262485778709e-10 
 1227       1.255787179414e-10 
 1228       1.249111043856e-10 
 1229       1.242459586831e-10 
 1230       1.235835036606e-10 
 1231       1.229239634941e-10 
 1232       1.222675637113e-10 
 1233       1.216145311951e-10 
 1234       1.209650941852e-10 
 1235       1.203194822818e-10 
 1236       1.196779264474e-10 
 1237       1.190406590099e-10 
 1238       1.184079136652e-10 
 1239       1.177799254799e-10 
 1240       1.171569308937e-10 
 1241       1.165391677224e-10 
 1242       1.159268751603e-10 
 1243       1.153202937830e-10 
 1244       1.147196655501e-10 
 1245       1.141252338075e-10 
 1246       1.135372170239e-10 
 1247       1.129557296554e-10 
 1248       1.123808603576e-10 
 1249       1.118126981684e-10 
 1250       1.112513325089e-10 
 1251       1.106968531839e-10 
 1252       1.101493503827e-10 
 1253       1.096089146794e-10 
 1254       1.090756370339e-10 
 1255       1.085496087921e-10 
 1256       1.080309216871e-10 
 1257       1.075196678393e-10 
 1258       1.070159397573e-10 
 1259       1.065198303384e-10 
 1260       1.060314328695e-10 
 1261       1.055508410273e-10 
 1262       1.050781488792e-10 
 1263       1.046134508840e-10 
 1264       1.041568418922e-10 
 1265       1.037084171472e-10 
 1266       1.032682722851e-10 
 1267       1.028365033362e-10 
 1268       1.024132067250e-10 
 1269       1.019984792711e-10 
 1270       1.015924181899e-10 
 1271       1.011951210930e-10 
 1272       1.008066859889e-10 
 1273       1.004272112838e-10 
 1274       1.000567957821e-10 
 1275       9.969553868676e-11 
 1276       9.934353960057e-11 
 1277       9.900089852621e-11 
 1278       9.866771586709e-11 
 1279       9.834409242800e-11 
 1280       9.803012941567e-11 
 1281       9.772592843946e-11 
 1282       9.743159151195e-11 
 1283       9.714722104957e-11 
 1284       9.687291987325e-11 
 1285       9.660876490945e-11 
 1286       9.635472796449e-11 
 1287       9.611075405012e-11 
 1288       9.587678759999e-11 
 1289       9.565277246842e-11 
 1290       9.543865192909e-11 
 1291       9.523436867378e-11 
 1292       9.503986481107e-11 
 1293       9.485508186508e-11 
 1294       9.467996077416e-11 
 1295       9.451444188966e-11 
 1296       9.435846497457e-11 
 1297       9.421196920232e-11 
 1298       9.407489315544e-11 
 1299       9.394717482433e-11 
 1300       9.382875160592e-11 
 1301       9.371956030245e-11 
 1302       9.361953712014e-11 
 1303       9.352861766794e-11 
 1304       9.344673695622e-11 
 1305       9.337382939554e-11 
 1306       9.330982879530e-11 
 1307       9.325466836252e-11 
 1308       9.320828070052e-11 
 1309       9.317059780767e-11 
 1310       9.314155107607e-11 
 1311       9.312107129031e-11 
 1312       9.310908862616e-11 
 1313       9.310553264931e-11 
 1314       9.311033231407e-11 
 1315       9.312341596209e-11 
 1316       9.314471132110e-11 
 1317       9.317414550361e-11 
 1318       9.321164500565e-11 
 1319       9.325713570544e-11 
 1320       9.331054286218e-11 
 1321       9.337179111470e-11 
 1322       9.344080448024e-11 
 1323       9.351750635312e-11 
 1324       9.360180790921e-11 
 1325       9.369357318174e-11 
 1326       9.379265359725e-11 
 1327       9.389889953281e-11 
 1328       9.401216031397e-11 
 1329       9.413228421262e-11 
 1330       9.425911844499e-11 
 1331       9.439250916953e-11 
 1332       9.453230148485e-11 
 1333       9.467833942766e-11 
 1334       9.483046597066e-11 
 1335       9.498852302051e-11 
 1336       9.515235141571e-11 
 1337       9.532179092457e-11 
 1338       9.549668024310e-11 
 1339       9.567685699296e-11 
 1340       9.586215771938e-11 
 1341       9.605241788908e-11 
 1342       9.624747188820e-11 
 1343       9.644715302022e-11 
 1344       9.665129350389e-11 
 1345       9.685972447118e-11 
 1346       9.707227596515e-11 
 1347       9.728877693793e-11 
 1348       9.750905524863e-11 
 1349       9.773293766124e-11 
 1350       9.796024984259e-11 
 1351       9.819081636028e-11 
 1352       9.842446068055e-11 
 1353       9.866100516628e-11 
 1354       9.890027107486e-11 
 1355       9.914207855614e-11 
 1356       9.938624665037e-11 
 1357       9.963259328610e-11 
 1358       9.988093527810e-11 
 1359       1.001310883253e-10 
 1360       1.003828670088e-10 
 1361       1.006360847895e-10 
 1362       1.008905540065e-10 
 1363       1.011460933205e-10 
 1364       1.014025501370e-10 
 1365       1.016597784196e-10 
 1366       1.019176312644e-10 
 1367       1.021759608986e-10 
 1368       1.024346186787e-10 
 1369       1.026934550887e-10 
 1370       1.029523197393e-10 
 1371       1.032110613651e-10 
 1372       1.034695278243e-10 
 1373       1.037275660960e-10 
 1374       1.039850222793e-10 
 1375       1.042417415915e-10 
 1376       1.044975683664e-10 
 1377       1.047523460530e-10 
 1378       1.050059172135e-10 
 1379       1.052581235220e-10 
 1380       1.055088057628e-10 
 1381       1.057578038289e-10 
 1382       1.060049567203e-10 
 1383       1.062501025424e-10 
 1384       1.064930785045e-10 
 1385       1.067337209182e-10 
 1386       1.069718651957e-10 
 1387       1.072073458481e-10 
 1388       1.074399964845e-10 
 1389       1.076696498092e-10 
 1390       1.078961376214e-10 
 1391       1.081192908126e-10 
 1392       1.083389393655e-10 
 1393       1.085549123525e-10 
 1394       1.087670379337e-10 
 1395       1.089751433555e-10 
 1396       1.091790549492e-10 
 1397       1.093785981291e-10 
 1398       1.095735973912e-10 
 1399       1.097638763112e-10 
 1400       1.099492575435e-10 
 1401       1.101295628189e-10 
 1402       1.103046325499e-10 
 1403       1.104743848716e-10 
 1404       1.106387572133e-10 
 1405       1.107976867474e-10 
 1406       1.109511103895e-10 
 1407       1.110989647975e-10 
 1408       1.112411863717e-10 
 1409       1.113777112538e-10 
 1410       1.115084753271e-10 
 1411       1.116334142157e-10 
 1412       1.117524632843e-10 
 1413       1.118655576377e-10 
 1414       1.119726321205e-10 
 1415       1.120736213166e-10 
 1416       1.121684595489e-10 
 1417       1.122570808789e-10 
 1418       1.123394191060e-10 
 1419       1.124154077676e-10 
 1420       1.124849801385e-10 
 1421       1.125480692303e-10 
 1422       1.126046077912e-10 
 1423       1.126545283057e-10 
 1424       1.126977629939e-10 
 1425       1.127342438113e-10 
 1426       1.127639024486e-10 
 1427       1.127866703307e-10 
 1428       1.128024786171e-10 
 1429       1.128112582007e-10 
 1430       1.128129397081e-10 
 1431       1.128074534987e-10 
 1432       1.127947296646e-10 
 1433       1.127746980300e-10 
 1434       1.127472881510e-10 
 1435       1.127124293150e-10 
 1436       1.126700505405e-10 
 1437       1.126200805765e-10 
 1438       1.125624479024e-10 
 1439       1.124970807272e-10 
 1440       1.124239069893e-10 
 1441       1.123428737479e-10 
 1442       1.122540055712e-10 
 1443       1.121573467401e-10 
 1444       1.120529419106e-10 
 1445       1.119408361148e-10 
 1446       1.118210747615e-10 
 1447       1.116937036371e-10 
 1448       1.115587689062e-10 
 1449       1.114163171123e-10 
 1450       1.112663951785e-10 
 1451       1.111090504085e-10 
 1452       1.109443304868e-10 
 1453       1.107722834799e-10 
 1454       1.105929578370e-10 
 1455       1.104064023903e-10 
 1456       1.102126663561e-10 
 1457       1.100117993354e-10 
 1458       1.098038513148e-10 
 1459       1.095888726668e-10 
 1460       1.093669141511e-10 
 1461       1.091380269146e-10 
 1462       1.089022624929e-10 
 1463       1.086596728105e-10 
 1464       1.084103101817e-10 
 1465       1.081542273112e-10 
 1466       1.078914772951e-10 
 1467       1.076221136214e-10 
 1468       1.073461901706e-10 
 1469       1.070637612168e-10 
 1470       1.067748814281e-10 
 1471       1.064796058674e-10 
 1472       1.061779899933e-10 
 1473       1.058700896606e-10 
 1474       1.055559611211e-10 
 1475       1.052356610242e-10 
 1476       1.049092464179e-10 
 1477       1.045767747495e-10 
 1478       1.042383038659e-10 
 1479       1.038938920147e-10 
 1480       1.035436065432e-10 
 1481       1.031875500881e-10 
 1482       1.028258346456e-10 
 1483       1.024585728985e-10 
 1484       1.020858782170e-10 
 1485       1.017078646599e-10 
 1486       1.013246469759e-10 
 1487       1.009363406049e-10 
 1488       1.005430616789e-10 
 1489       1.001449270235e-10 
 1490       9.974205415892e-11 
 1491       9.933456130116e-11 
 1492       9.892256736341e-11 
 1493       9.850619195708e-11 
 1494       9.808555539306e-11 
 1495       9.766077868288e-11 
 1496       9.723198353996e-11 
 1497       9.679929238074e-11 
 1498       9.636282832596e-11 
 1499       9.592271520179e-11 
 1500       9.547907754109e-11 
 1501       9.503204058453e-11 
 1502       9.458173028187e-11 
 1503       9.412827329311e-11 
 1504       9.367179698970e-11 
 1505       9.321242945575e-11 
 1506       9.275029948921e-11 
 1507       9.228553660308e-11 
 1508       9.181827102662e-11 
 1509       9.134863370651e-11 
 1510       9.087675630809e-11 
 1511       9.040277121655e-11 
 1512       8.992681153811e-11 
 1513       8.944901110124e-11 
 1514       8.896950445783e-11 
 1515       8.848842688443e-11 
 1516       8.800591438341e-11 
 1517       8.752210368420e-11 
 1518       8.703713224444e-11 
 1519       8.655113334026e-11 
 1520       8.606422128288e-11 
 1521       8.557650606205e-11 
 1522       8.508809824498e-11 
 1523       8.459910897733e-11 
 1524       8.410964998413e-11 
 1525       8.361983357073e-11 
 1526       8.312977262373e-11 
 1527       8.263958061195e-11 
 1528       8.214937158735e-11 
 1529       8.165926018598e-11 
 1530       8.116936162893e-11 
 1531       8.067979172327e-11 
 1532       8.019066686298e-11 
 1533       7.970210402993e-11 
 1534       7.921422079477e-11 
 1535       7.872713531792e-11 
 1536       7.824096635050e-11 
 1537       7.775583323526e-11 
 1538       7.727185590754e-11 
 1539       7.678915489620e-11 
 1540       7.630785132457e-11 
 1541       7.582806691141e-11 
 1542       7.534992397182e-11 
 1543       7.487354541820e-11 
 1544       7.439905476121e-11 
 1545       7.392657611069e-11 
 1546       7.345623417660e-11 
 1547       7.298815426999e-11 
 1548       7.252246230393e-11 
 1549       7.205928479444e-11 
 1550       7.159874886146e-11 
 1551       7.114098222976e-11 
 1552       7.068611322991e-11 
 1553       7.023427079923e-11 
 1554       6.978558448270e-11 
 1555       6.934018443394e-11 
 1556       6.889820141612e-11 
 1557       6.845976680294e-11 
 1558       6.802499882723e-11 
 1559       6.759396118388e-11 
 1560       6.716670404010e-11 
 1561       6.674327775277e-11 
 1562       6.632373286866e-11 
 1563       6.590812012472e-11 
 1564       6.549649044833e-11 
 1565       6.508889495757e-11 
 1566       6.468538496148e-11 
 1567       6.428601196034e-11 
 1568       6.389082764590e-11 
 1569       6.349988390169e-11 
 1570       6.311323280322e-11 
 1571       6.273092661833e-11 
 1572       6.235301780738e-11 
 1573       6.197955902355e-11 
 1574       6.161060311308e-11 
 1575       6.124620311557e-11 
 1576       6.088641226421e-11 
 1577       6.053128398607e-11 
 1578       6.018087190234e-11 
 1579       5.983522982862e-11 
 1580       5.949441177515e-11 
 1581       5.915847194710e-11 
 1582       5.882746474485e-11 
 1583       5.850144476420e-11 
 1584       5.818046679669e-11 
 1585       5.786458582983e-11 
 1586       5.755385704737e-11 
 1587       5.724833582958e-11 
 1588       5.694807775350e-11 
 1589       5.665313859320e-11 
 1590       5.636357432005e-11 
 1591       5.607944110299e-11 
 1592       5.580079530880e-11 
 1593       5.552769350233e-11 
 1594       5.526019244680e-11 
 1595       5.499834910405e-11 
 1596       5.474222063481e-11 
 1597       5.449185058662e-11 
 1598       5.424722731872e-11 
 1599       5.400832519688e-11 
 1600       5.377511837071e-11 
 1601       5.354758077336e-11 
 1602       5.332568612107e-11 
 1603       5.310940791281e-11 
 1604       5.289871942990e-11 
 1605       5.269359373561e-11 
 1606       5.249400367478e-11 
 1607       5.229992187345e-11 
 1608       5.211132073845e-11 
 1609       5.192817245701e-11 
 1610       5.175044899643e-11 
 1611       5.157812210362e-11 
 1612       5.141116330476e-11 
 1613       5.124954390491e-11 
 1614       5.109323498760e-11 
 1615       5.094220741449e-11 
 1616       5.079643182494e-11 
 1617       5.065587863563e-11 
 1618       5.052051804023e-11 
 1619       5.039032000892e-11 
 1620       5.026525428809e-11 
 1621       5.014529039991e-11 
 1622       5.003039764196e-11 
 1623       4.992054508682e-11 
 1624       4.981570158173e-11 
 1625       4.971583574818e-11 
 1626       4.962091598149e-11 
 1627       4.953091045050e-11 
 1628       4.944578709711e-11 
 1629       4.936551363595e-11 
 1630       4.929005755396e-11 
 1631       4.921938611001e-11 
 1632       4.915346633455e-11 
 1633       4.909226502916e-11 
 1634       4.903574876623e-11 
 1635       4.898388388853e-11 
 1636       4.893662992424e-11 
 1637       4.889391976839e-11 
 1638       4.885567932345e-11 
 1639       4.882183406710e-11 
 1640       4.879230905163e-11 
 1641       4.876702890320e-11 
 1642       4.874591782116e-11 
 1643       4.872889957742e-11 
 1644       4.871589751572e-11 
 1645       4.870683455097e-11 
 1646       4.870163316856e-11 
 1647       4.870021542370e-11 
 1648       4.870250294071e-11 
 1649       4.870841691236e-11 
 1650       4.871787809919e-11 
 1651       4.873080682881e-11 
 1652       4.874712299527e-11 
 1653       4.876674605829e-11 
 1654       4.878959504268e-11 
 1655       4.881558853758e-11 
 1656       4.884464469583e-11 
 1657       4.887668123326e-11 
 1658       4.891161542803e-11 
 1659       4.894936411994e-11 
 1660       4.898984370975e-11 
 1661       4.903297015849e-11 
 1662       4.907865898680e-11 
 1663       4.912682527424e-11 
 1664       4.917738365860e-11 
 1665       4.923024833523e-11 
 1666       4.928533305636e-11 
 1667       4.934255113042e-11 
 1668       4.940181542136e-11 
 1669       4.946303834794e-11 
 1670       4.952613188311e-11 
 1671       4.959100755328e-11 
 1672       4.965757643766e-11 
 1673       4.972574916756e-11 
 1674       4.979543592574e-11 
 1675       4.986654929485e-11 
 1676       4.993901283144e-11 
 1677       5.001275256550e-11 
 1678       5.008769415754e-11 
 1679       5.016376289805e-11 
 1680       5.024088370691e-11 
 1681       5.031898113290e-11 
 1682       5.039797935305e-11 
 1683       5.047780217215e-11 
 1684       5.055837302216e-11 
 1685       5.063961496167e-11 
 1686       5.072145067533e-11 
 1687       5.080380247327e-11 
 1688       5.088659229058e-11 
 1689       5.096974168675e-11 
 1690       5.105317184507e-11 
 1691       5.113680357212e-11 
 1692       5.122055729716e-11 
 1693       5.130435307163e-11 
 1694       5.138811056855e-11 
 1695       5.147174908197e-11 
 1696       5.155518752642e-11 
 1697       5.163834443634e-11 
 1698       5.172113796553e-11 
 1699       5.180348588659e-11 
 1700       5.188530559036e-11 
 1701       5.196651408536e-11 
 1702       5.204702799723e-11 
 1703       5.212676356818e-11 
 1704       5.220563665642e-11 
 1705       5.228356273561e-11 
 1706       5.236045689430e-11 
 1707       5.243623383535e-11 
 1708       5.251080787542e-11 
 1709       5.258409294436e-11 
 1710       5.265600258469e-11 
 1711       5.272644995101e-11 
 1712       5.279534780947e-11 
 1713       5.286260853718e-11 
 1714       5.292815315125e-11 
 1715       5.299193848120e-11 
 1716       5.305393022740e-11 
 1717       5.311409395231e-11 
 1718       5.317239508038e-11 
 1719       5.322879889776e-11 
 1720       5.328327055219e-11 
 1721       5.333577505277e-11 
 1722       5.338627726977e-11 
 1723       5.343474193447e-11 
 1724       5.348113363894e-11 
 1725       5.352541683583e-11 
 1726       5.356755583826e-11 
 1727       5.360751481954e-11 
 1728       5.364525781302e-11 
 1729       5.368074871193e-11 
 1730       5.371395126912e-11 
 1731       5.374482909694e-11 
 1732       5.377334566699e-11 
 1733       5.379946430998e-11 
 1734       5.382314821551e-11 
 1735       5.384436043189e-11 
 1736       5.386306386595e-11 
 1737       5.387922128284e-11 
 1738       5.389279530586e-11 
 1739       5.390374841625e-11 
 1740       5.391204295301e-11 
 1741       5.391764111271e-11 
 1742       5.392050494929e-11 
 1743       5.392059637389e-11 
 1744       5.391787715465e-11 
 1745       5.391230891650e-11 
 1746       5.390385314101e-11 
 1747       5.389247116615e-11 
 1748       5.387812418616e-11 
 1749       5.386077325131e-11 
 1750       5.384037926772e-11 
 1751       5.381690299720e-11 
 1752       5.379030505703e-11 
 1753       5.376055523938e-11 
 1754       5.372766055507e-11 
 1755       5.369163742355e-11 
 1756       5.365250237467e-11 
 1757       5.361027204885e-11 
 1758       5.356496319730e-11 
 1759       5.351659268214e-11 
 1760       5.346517747662e-11 
 1761       5.341073466525e-11 
 1762       5.335328144401e-11 
 1763       5.329283512050e-11 
 1764       5.322941311413e-11 
 1765       5.316303295629e-11 
 1766       5.309371229051e-11 
 1767       5.302146887265e-11 
 1768       5.294632057105e-11 
 1769       5.286828536676e-11 
 1770       5.278738135364e-11 
 1771       5.270362673858e-11 
 1772       5.261703984166e-11 
 1773       5.252763909633e-11 
 1774       5.243544304958e-11 
 1775       5.234047036211e-11 
 1776       5.224273980851e-11 
 1777       5.214227027742e-11 
 1778       5.203908077174e-11 
 1779       5.193319040875e-11 
 1780       5.182461842033e-11 
 1781       5.171338415309e-11 
 1782       5.159950706862e-11 
 1783       5.148300674355e-11 
 1784       5.136390286984e-11 
 1785       5.124221525486e-11 
 1786       5.111796382163e-11 
 1787       5.099116860896e-11 
 1788       5.086184977163e-11 
 1789       5.073002758056e-11 
 1790       5.059572242300e-11 
 1791       5.045895480268e-11 
 1792       5.031974989176e-11 
 1793       5.017815122684e-11 
 1794       5.003420712515e-11 
 1795       4.988796614325e-11 
 1796       4.973947707738e-11 
 1797       4.958878896384e-11 
 1798       4.943595107929e-11 
 1799       4.928101294112e-11 
 1800       4.912402430778e-11 
 1801       4.896503517913e-11 
 1802       4.880409579679e-11 
 1803       4.864125664445e-11 
 1804       4.847656844828e-11 
 1805       4.831008217721e-11 
 1806       4.814184904329e-11 
 1807       4.797192050206e-11 
 1808       4.780034825287e-11 
 1809       4.762718423922e-11 
 1810       4.745248064913e-11 
 1811       4.727628991543e-11 
 1812       4.709866471618e-11 
 1813       4.691965797496e-11 
 1814       4.673932286121e-11 
 1815       4.655771279060e-11 
 1816       4.637488142539e-11 
 1817       4.619088267471e-11 
 1818       4.600577069495e-11 
 1819       4.581959989012e-11 
 1820       4.563242491215e-11 
 1821       4.544430066125e-11 
 1822       4.525528228625e-11 
 1823       4.506542518498e-11 
 1824       4.487478500455e-11 
 1825       4.468341764176e-11 
 1826       4.449137924337e-11 
 1827       4.429872620653e-11 
 1828       4.410551517904e-11 
 1829       4.391180305975e-11 
 1830       4.371764699890e-11 
 1831       4.352310265647e-11 
 1832       4.332821896144e-11 
 1833       4.313304331140e-11 
 1834       4.293762331088e-11 
 1835       4.274200677173e-11 
 1836       4.254624171334e-11 
 1837       4.235037636295e-11 
 1838       4.215445915592e-11 
 1839       4.195853873601e-11 
 1840       4.176266395568e-11 
 1841       4.156688387634e-11 
 1842       4.137124776867e-11 
 1843       4.117580511285e-11 
 1844       4.098060559890e-11 
 1845       4.078569912692e-11 
 1846       4.059113580738e-11 
 1847       4.039696596141e-11 
 1848       4.020324012108e-11 
 1849       4.001000902967e-11 
 1850       3.981732364197e-11 
 1851       3.962523512454e-11 
 1852       3.943379485602e-11 
 1853       3.924305442737e-11 
 1854       3.905306564219e-11 
 1855       3.886388051698e-11 
 1856       3.867555128143e-11 
 1857       3.848813037871e-11 
 1858       3.830167046572e-11 
 1859       3.811622441340e-11 
 1860       3.793184530701e-11 
 1861       3.774858644641e-11 
 1862       3.756650134630e-11 
 1863       3.738564373659e-11 
 1864       3.720606756258e-11 
 1865       3.702782698533e-11 
 1866       3.685097638186e-11 
 1867       3.667557034552e-11 
 1868       3.650166368619e-11 
 1869       3.632931143061e-11 
 1870       3.615856290888e-11 
 1871       3.598944396295e-11 
 1872       3.582197459946e-11 
 1873       3.565617489094e-11 
 1874       3.549206497588e-11 
 1875       3.532966505884e-11 
 1876       3.516899541049e-11 
 1877       3.501007636770e-11 
 1878       3.485292833364e-11 
 1879       3.469757177782e-11 
 1880       3.454402723622e-11 
 1881       3.439231531131e-11 
 1882       3.424245667216e-11 
 1883       3.409447205454e-11 
 1884       3.394838226094e-11 
 1885       3.380420816072e-11 
 1886       3.366197069012e-11 
 1887       3.352169085238e-11 
 1888       3.338338971782e-11 
 1889       3.324708842389e-11 
 1890       3.311280817527e-11 
 1891       3.298057024396e-11 
 1892       3.285039596932e-11 
 1893       3.272230675818e-11 
 1894       3.259632408491e-11 
 1895       3.247246949150e-11 
 1896       3.235076458763e-11 
 1897       3.223123105077e-11 
 1898       3.211389062623e-11 
 1899       3.199876512726e-11 
 1900       3.188587643510e-11 
 1901       3.177524649912e-11 
 1902       3.166689733683e-11 
 1903       3.156085103398e-11 
 1904       3.145712974466e-11 
 1905       3.135575569137e-11 
 1906       3.125675116507e-11 
 1907       3.116013852529e-11 
 1908       3.106594020022e-11 
 1909       3.097417259278e-11 
 1910       3.088482774782e-11 
 1911       3.079789154454e-11 
 1912       3.071334977760e-11 
 1913       3.063118815698e-11 
 1914       3.055139230787e-11 
 1915       3.047394777052e-11 
 1916       3.039884000015e-11 
 1917       3.032605436683e-11 
 1918       3.025557615531e-11 
 1919       3.018739056497e-11 
 1920       3.012148270963e-11 
 1921       3.005783761747e-11 
 1922       2.999644023090e-11 
 1923       2.993727540642e-11 
 1924       2.988032791452e-11 
 1925       2.982558243956e-11 
 1926       2.977302357961e-11 
 1927       2.972263584639e-11 
 1928       2.967440366508e-11 
 1929       2.962831137426e-11 
 1930       2.958434322573e-11 
 1931       2.954248338446e-11 
 1932       2.950271592838e-11 
 1933       2.946502484834e-11 
 1934       2.942939404791e-11 
 1935       2.939580734335e-11 
 1936       2.936424846340e-11 
 1937       2.933470104921e-11 
 1938       2.930714865420e-11 
 1939       2.928157474394e-11 
 1940       2.925796269604e-11 
 1941       2.923629579999e-11 
 1942       2.921655725711e-11 
 1943       2.919873018034e-11 
 1944       2.918279759418e-11 
 1945       2.916874243455e-11 
 1946       2.915654754866e-11 
 1947       2.914619569492e-11 
 1948       2.913766662397e-11 
 1949       2.913092829830e-11 
 1950       2.912594560647e-11 
 1951       2.912268327565e-11 
 1952       2.912110587144e-11 
 1953       2.912117779767e-11 
 1954       2.912286329614e-11 
 1955       2.912612644644e-11 
 1956       2.913093116572e-11 
 1957       2.913724120849e-11 
 1958       2.914502016640e-11 
 1959       2.915423146801e-11 
 1960       2.916483837860e-11 
 1961       2.917680399994e-11 
 1962       2.919009127007e-11 
 1963       2.920466296312e-11 
 1964       2.922048168905e-11 
 1965       2.923750989347e-11 
 1966       2.925570985741e-11 
 1967       2.927504369711e-11 
 1968       2.929547336379e-11 
 1969       2.931696064347e-11 
 1970       2.933946715674e-11 
 1971       2.936295435851e-11 
 1972       2.938738353787e-11 
 1973       2.941271581779e-11 
 1974       2.943891215499e-11 
 1975       2.946593333965e-11 
 1976       2.949373999526e-11 
 1977       2.952229257835e-11 
 1978       2.955155137833e-11 
 1979       2.958147651721e-11 
 1980       2.961202794946e-11 
 1981       2.964316546174e-11 
 1982       2.967484867270e-11 
 1983       2.970703703280e-11 
 1984       2.973968982403e-11 
 1985       2.977276615976e-11 
 1986       2.980622498447e-11 
 1987       2.984002639668e-11 
 1988       2.987413562856e-11 
 1989       2.990851909521e-11 
 1990       2.994314307400e-11 
 1991       2.997797370446e-11 
 1992       3.001297698802e-11 
 1993       3.004811878793e-11 
 1994       3.008336482903e-11 
 1995       3.011868069757e-11 
 1996       3.015403184108e-11 
 1997       3.018938356816e-11 
 1998       3.022470104831e-11 
 1999       3.025994931177e-11 
 2000       3.029509324933e-11 
 2001       3.033009761218e-11 
 2002       3.036492701170e-11 
 2003       3.039954591931e-11 
 2004       3.043391866631e-11 
 2005       3.046800944366e-11 
 2006       3.050178230185e-11 
 2007       3.053520115071e-11 
 2008       3.056822975923e-11 
 2009       3.060083175539e-11 
 2010       3.063297062598e-11 
 2011       3.066460971646e-11 
 2012       3.069571223074e-11 
 2013       3.072624123101e-11 
 2014       3.075615963761e-11 
 2015       3.078543022881e-11 
 2016       3.081401564065e-11 
 2017       3.084187836678e-11 
 2018       3.086898075828e-11 
 2019       3.089528502345e-11 
 2020       3.092075322770e-11 
 2021       3.094534729333e-11 
 2022       3.096902899935e-11 
 2023       3.099175998135e-11 
 2024       3.101350173130e-11 
 2025       3.103421559734e-11 
 2026       3.105386691253e-11 
 2027       3.107243741365e-11 
 2028       3.108991291176e-11 
 2029       3.110627917139e-11 
 2030       3.112152191054e-11 
 2031       3.113562680058e-11 
 2032       3.114857946624e-11 
 2033       3.116036548551e-11 
 2034       3.117097038962e-11 
 2035       3.118037966300e-11 
 2036       3.118857874318e-11 
 2037       3.119555302077e-11 
 2038       3.120128783939e-11 
 2039       3.120576849563e-11 
 2040       3.120898023900e-11 
 2041       3.121090827186e-11 
 2042       3.121153774937e-11 
 2043       3.121085377944e-11 
 2044       3.120884142268e-11 
 2045       3.120548569235e-11 
 2046       3.120077155430e-11 
 2047       3.119468392691e-11 
 2048       3.118720768104e-11 
 2049       3.117832763999e-11 
 2050       3.116802857943e-11 
 2051       3.115629522737e-11 
 2052       3.114311226405e-11 
 2053       3.112846432198e-11 
 2054       3.111233598578e-11 
 2055       3.109471179222e-11 
 2056       3.107557623011e-11 
 2057       3.105491374026e-11 
 2058       3.103270871543e-11 
 2059       3.100894550028e-11 
 2060       3.098360839131e-11 
 2061       3.095668163682e-11 
 2062       3.092814943682e-11 
 2063       3.089799594302e-11 
 2064       3.086620525876e-11 
 2065       3.083276570512e-11 
 2066       3.079768265242e-11 
 2067       3.076096577959e-11 
 2068       3.072262481630e-11 
 2069       3.068266954303e-11 
 2070       3.064110979114e-11 
 2071       3.059795544295e-11 
 2072       3.055321643179e-11 
 2073       3.050690274206e-11 
 2074       3.045902440932e-11 
 2075       3.040959152033e-11 
 2076       3.035861421315e-11 
 2077       3.030610267718e-11 
 2078       3.025206715322e-11 
 2079       3.019651793356e-11 
 2080       3.013946536205e-11 
 2081       3.008091983414e-11 
 2082       3.002089179695e-11 
 2083       2.995939174936e-11 
 2084       2.989643024206e-11 
 2085       2.983201787763e-11 
 2086       2.976616531058e-11 
 2087       2.969888324744e-11 
 2088       2.963018244682e-11 
 2089       2.956007371947e-11 
 2090       2.948856792836e-11 
 2091       2.941567598874e-11 
 2092       2.934140886819e-11 
 2093       2.926577758673e-11 
 2094       2.918879321682e-11 
 2095       2.911046688351e-11 
 2096       2.903080976444e-11 
 2097       2.894983308991e-11 
 2098       2.886754814299e-11 
 2099       2.878396625955e-11 
 2100       2.869909882836e-11 
 2101       2.861295729111e-11 
 2102       2.852555314250e-11 
 2103       2.843689793032e-11 
 2104       2.834700536861e-11 
 2105       2.825589769317e-11 
 2106       2.816359935038e-11 
 2107       2.807013488826e-11 
 2108       2.797552895660e-11 
 2109       2.787980630704e-11 
 2110       2.778299179327e-11 
 2111       2.768511037106e-11 
 2112       2.758618709845e-11 
 2113       2.748624713587e-11 
 2114       2.738531574622e-11 
 2115       2.728341829505e-11 
 2116       2.718058025064e-11 
 2117       2.707682718415e-11 
 2118       2.697218476972e-11 
 2119       2.686667878462e-11 
 2120       2.676033510937e-11 
 2121       2.665317972782e-11 
 2122       2.654523872736e-11 
 2123       2.643653829895e-11 
 2124       2.632710473731e-11 
 2125       2.621696444101e-11 
 2126       2.610614391262e-11 
 2127       2.599466975880e-11 
 2128       2.588256869045e-11 
 2129       2.576986752283e-11 
 2130       2.565659317568e-11 
 2131       2.554277267334e-11 
 2132       2.542843314487e-11 
 2133       2.531360182419e-11 
 2134       2.519830605020e-11 
 2135       2.508257326690e-11 
 2136       2.496643102350e-11 
 2137       2.484990697456e-11 
 2138       2.473302888011e-11 
 2139       2.461582460580e-11 
 2140       2.449832212295e-11 
 2141       2.438054950877e-11 
 2142       2.426253494640e-11 
 2143       2.414430596635e-11 
 2144       2.402588716473e-11 
 2145       2.390730246965e-11 
 2146       2.378857589867e-11 
 2147       2.366973155888e-11 
 2148       2.355079364703e-11 
 2149       2.343178644962e-11 
 2150       2.331273434299e-11 
 2151       2.319366179345e-11 
 2152       2.307459335738e-11 
 2153       2.295555368131e-11 
 2154       2.283656750206e-11 
 2155       2.271765964680e-11 
 2156       2.259885503320e-11 
 2157       2.248017866950e-11 
 2158       2.236165565464e-11 
 2159       2.224331117834e-11 
 2160       2.212517052122e-11 
 2161       2.200725905489e-11 
 2162       2.188960224207e-11 
 2163       2.177222563669e-11 
 2164       2.165515488399e-11 
 2165       2.153841572061e-11 
 2166       2.142203397473e-11 
 2167       2.130603556614e-11 
 2168       2.119044650636e-11 
 2169       2.107529289875e-11 
 2170       2.096060093858e-11 
 2171       2.084639691318e-11 
 2172       2.073270720202e-11 
 2173       2.061955827682e-11 
 2174       2.050697670163e-11 
 2175       2.039498913297e-11 
 2176       2.028362231994e-11 
 2177       2.017290310426e-11 
 2178       2.006285842044e-11 
 2179       1.995351529587e-11 
 2180       1.984490085089e-11 
 2181       1.973704229894e-11 
 2182       1.962996421876e-11 
 2183       1.952368035082e-11 
 2184       1.941820174608e-11 
 2185       1.931353948889e-11 
 2186       1.920970469701e-11 
 2187       1.910670852167e-11 
 2188       1.900456214760e-11 
 2189       1.890327679306e-11 
 2190       1.880286370987e-11 
 2191       1.870333418345e-11 
 2192       1.860469953288e-11 
 2193       1.850697111089e-11 
 2194       1.841016030391e-11 
 2195       1.831427853214e-11 
 2196       1.821933724953e-11 
 2197       1.812534794388e-11 
 2198       1.803232213680e-11 
 2199       1.794027138380e-11 
 2200       1.784920727433e-11 
 2201       1.775914143175e-11 
 2202       1.767008551345e-11 
 2203       1.758205121083e-11 
 2204       1.749505024934e-11 
 2205       1.740909438855e-11 
 2206       1.732419542214e-11 
 2207       1.724036517796e-11 
 2208       1.715761551807e-11 
 2209       1.707595833877e-11 
 2210       1.699540557062e-11 
 2211       1.691596917849e-11 
 2212       1.683766116159e-11 
 2213       1.676049355352e-11 
 2214       1.668447842228e-11 
 2215       1.660962787034e-11 
 2216       1.653595403462e-11 
 2217       1.646346908658e-11 
 2218       1.639218523225e-11 
 2219       1.632211471221e-11 
 2220       1.625326980170e-11 
 2221       1.618565990452e-11 
 2222       1.611928281387e-11 
 2223       1.605413339401e-11 
 2224       1.599020648103e-11 
 2225       1.592749688288e-11 
 2226       1.586599937928e-11 
 2227       1.580570872171e-11 
 2228       1.574661963337e-11 
 2229       1.568872680915e-11 
 2230       1.563202491556e-11 
 2231       1.557650859077e-11 
 2232       1.552217244450e-11 
 2233       1.546901105800e-11 
 2234       1.541701898406e-11 
 2235       1.536619074692e-11 
 2236       1.531652084227e-11 
 2237       1.526800373718e-11 
 2238       1.522063387011e-11 
 2239       1.517440565084e-11 
 2240       1.512931346043e-11 
 2241       1.508535165123e-11 
 2242       1.504251454680e-11 
 2243       1.500079644187e-11 
 2244       1.496019160236e-11 
 2245       1.492069426527e-11 
 2246       1.488229863872e-11 
 2247       1.484499890184e-11 
 2248       1.480878920481e-11 
 2249       1.477366366876e-11 
 2250       1.473961638576e-11 
 2251       1.470664141880e-11 
 2252       1.467473280174e-11 
 2253       1.464388453926e-11 
 2254       1.461409060686e-11 
 2255       1.458534495078e-11 
 2256       1.455764148801e-11 
 2257       1.453097410623e-11 
 2258       1.450533666377e-11 
 2259       1.448072298958e-11 
 2260       1.445712534713e-11 
 2261       1.443452981525e-11 
 2262       1.441292087727e-11 
 2263       1.439228295435e-11 
 2264       1.437260040537e-11 
 2265       1.435385752688e-11 
 2266       1.433603855301e-11 
 2267       1.431912765541e-11 
 2268       1.430310894321e-11 
 2269       1.428796646287e-11 
 2270       1.427368419818e-11 
 2271       1.426024607018e-11 
 2272       1.424763593705e-11 
 2273       1.423583759406e-11 
 2274       1.422483477351e-11 
 2275       1.421461114465e-11 
 2276       1.420515031360e-11 
 2277       1.419643582329e-11 
 2278       1.418845115338e-11 
 2279       1.418117972020e-11 
 2280       1.417460487667e-11 
 2281       1.416870991221e-11 
 2282       1.416347805272e-11 
 2283       1.415889246046e-11 
 2284       1.415493623398e-11 
 2285       1.415159240811e-11 
 2286       1.414884395379e-11 
 2287       1.414667377808e-11 
 2288       1.414506472405e-11 
 2289       1.414399957073e-11 
 2290       1.414346103301e-11 
 2291       1.414343176160e-11 
 2292       1.414389434294e-11 
 2293       1.414483129912e-11 
 2294       1.414622508784e-11 
 2295       1.414805810230e-11 
 2296       1.415031267116e-11 
 2297       1.415297105845e-11 
 2298       1.415601546352e-11 
 2299       1.415942838930e-11 
 2300       1.416319374989e-11 
 2301       1.416729576990e-11 
 2302       1.417171861666e-11 
 2303       1.417644640015e-11 
 2304       1.418146317297e-11 
 2305       1.418675293024e-11 
 2306       1.419229960952e-11 
 2307       1.419808709083e-11 
 2308       1.420409919650e-11 
 2309       1.421031969113e-11 
 2310       1.421673228157e-11 
 2311       1.422332061680e-11 
 2312       1.423006828789e-11 
 2313       1.423695882796e-11 
 2314       1.424397571207e-11 
 2315       1.425110235719e-11 
 2316       1.425832212214e-11 
 2317       1.426561830749e-11 
 2318       1.427297415554e-11 
 2319       1.428037285024e-11 
 2320       1.428779751713e-11 
 2321       1.429523122324e-11 
 2322       1.430265697711e-11 
 2323       1.431005772863e-11 
 2324       1.431741636906e-11 
 2325       1.432471573091e-11 
 2326       1.433193858790e-11 
 2327       1.433906765489e-11 
 2328       1.434608558785e-11 
 2329       1.435297498372e-11 
 2330       1.435971838043e-11 
 2331       1.436629825680e-11 
 2332       1.437269703247e-11 
 2333       1.437889706784e-11 
 2334       1.438488066402e-11 
 2335       1.439063006276e-11 
 2336       1.439612744640e-11 
 2337       1.440135493775e-11 
 2338       1.440629630714e-11 
 2339       1.441094210496e-11 
 2340       1.441528456112e-11 
 2341       1.441931588085e-11 
 2342       1.442302824474e-11 
 2343       1.442641380868e-11 
 2344       1.442946470385e-11 
 2345       1.443217303666e-11 
 2346       1.443453088878e-11 
 2347       1.443653031708e-11 
 2348       1.443816335359e-11 
 2349       1.443942200551e-11 
 2350       1.444029825517e-11 
 2351       1.444078406000e-11 
 2352       1.444087135250e-11 
 2353       1.444055204022e-11 
 2354       1.443981800575e-11 
 2355       1.443866110667e-11 
 2356       1.443707317554e-11 
 2357       1.443504601985e-11 
 2358       1.443257142204e-11 
 2359       1.442964113943e-11 
 2360       1.442624690422e-11 
 2361       1.442238042344e-11 
 2362       1.441803337897e-11 
 2363       1.441319742747e-11 
 2364       1.440786420034e-11 
 2365       1.440202530378e-11 
 2366       1.439567231867e-11 
 2367       1.438879680058e-11 
 2368       1.438139027976e-11 
 2369       1.437344426111e-11 
 2370       1.436495022413e-11 
 2371       1.435589962291e-11 
 2372       1.434628388611e-11 
 2373       1.433609441692e-11 
 2374       1.432532259305e-11 
 2375       1.431395976671e-11 
 2376       1.430199726454e-11 
 2377       1.428942828340e-11 
 2378       1.427625359038e-11 
 2379       1.426247585783e-11 
 2380       1.424809777078e-11 
 2381       1.423312202699e-11 
 2382       1.421755133694e-11 
 2383       1.420138842385e-11 
 2384       1.418463602371e-11 
 2385       1.416729688524e-11 
 2386       1.414937377000e-11 
 2387       1.413086945231e-11 
 2388       1.411178671932e-11 
 2389       1.409212837101e-11 
 2390       1.407189722019e-11 
 2391       1.405109609255e-11 
 2392       1.402972782663e-11 
 2393       1.400779527387e-11 
 2394       1.398530129861e-11 
 2395       1.396224877812e-11 
 2396       1.393864060256e-11 
 2397       1.391447967509e-11 
 2398       1.388976891178e-11 
 2399       1.386451124172e-11 
 2400       1.383870960695e-11 
 2401       1.381236696255e-11 
 2402       1.378548627658e-11 
 2403       1.375807053018e-11 
 2404       1.373012271749e-11 
 2405       1.370164584574e-11 
 2406       1.367264293524e-11 
 2407       1.364311701938e-11 
 2408       1.361307114466e-11 
 2409       1.358250837070e-11 
 2410       1.355143177026e-11 
 2411       1.351984442925e-11 
 2412       1.348774944673e-11 
 2413       1.345514993497e-11 
 2414       1.342204901940e-11 
 2415       1.338844983868e-11 
 2416       1.335435656732e-11 
 2417       1.331977749037e-11 
 2418       1.328472194740e-11 
 2419       1.324919931159e-11 
 2420       1.321321898978e-11 
 2421       1.317679042247e-11 
 2422       1.313992308390e-11 
 2423       1.310262648208e-11 
 2424       1.306491015878e-11 
 2425       1.302678368961e-11 
 2426       1.298825668406e-11 
 2427       1.294933878549e-11 
 2428       1.291003967121e-11 
 2429       1.287036905251e-11 
 2430       1.283033667466e-11 
 2431       1.278995231700e-11 
 2432       1.274922579291e-11 
 2433       1.270816694993e-11 
 2434       1.266678566970e-11 
 2435       1.262509186808e-11 
 2436       1.258309549512e-11 
 2437       1.254080653516e-11 
 2438       1.249823500680e-11 
 2439       1.245539096298e-11 
 2440       1.241228449100e-11 
 2441       1.236892571254e-11 
 2442       1.232532478375e-11 
 2443       1.228149189522e-11 
 2444       1.223743727205e-11 
 2445       1.219317117388e-11 
 2446       1.214870389493e-11 
 2447       1.210404576403e-11 
 2448       1.205920714465e-11 
 2449       1.201419843495e-11 
 2450       1.196903006781e-11 
 2451       1.192371251085e-11 
 2452       1.187825626649e-11 
 2453       1.183267187198e-11 
 2454       1.178696989942e-11 
 2455       1.174116084837e-11 
 2456       1.169525482287e-11 
 2457       1.164926185258e-11 
 2458       1.160319200004e-11 
 2459       1.155705536073e-11 
 2460       1.151086206309e-11 
 2461       1.146462226858e-11 
 2462       1.141834617168e-11 
 2463       1.137204399992e-11 
 2464       1.132572601396e-11 
 2465       1.127940250758e-11 
 2466       1.123308380772e-11 
 2467       1.118678027453e-11 
 2468       1.114050230140e-11 
 2469       1.109426031497e-11 
 2470       1.104806477520e-11 
 2471       1.100192617537e-11 
 2472       1.095585504214e-11 
 2473       1.090986193555e-11 
 2474       1.086395744911e-11 
 2475       1.081815220977e-11 
 2476       1.077245687799e-11 
 2477       1.072688214776e-11 
 2478       1.068143874666e-11 
 2479       1.063613743586e-11 
 2480       1.059098901014e-11 
 2481       1.054600429800e-11 
 2482       1.050119416160e-11 
 2483       1.045656949687e-11 
 2484       1.041214123347e-11 
 2485       1.036792033490e-11 
 2486       1.032391779848e-11 
 2487       1.028014465540e-11 
 2488       1.023661197077e-11 
 2489       1.019333084361e-11 
 2490       1.015031240693e-11 
 2491       1.010756782774e-11 
 2492       1.006510830709e-11 
 2493       1.002294508009e-11 
 2494       9.981083241386e-12 
 2495       9.939503181792e-12 
 2496       9.898179042721e-12 
 2497       9.857084880789e-12 
 2498       9.816194667727e-12 
 2499       9.775482290295e-12 
 2500       9.734921550200e-12 
